50
30 60
1 10000
1000 10000
2200 22000
1 1000000000
1 1000000000
1 1000000000
1 1000000000
1 1000000000
1 1000000000
1 1000000000
1 1000000000
1 1000000000
1 1000000000
1 1000000000
1 1000000000
1 1000000000
1 1000000000
1 1000000000
1 1000000000
1 1000000000
1 1000000000
1 1000000000
1 1000000000
1 1000000000
1 1000000000
1 1000000000
1 1000000000
1 1000000000
1 1000000000
1 1000000000
1 1000000000
1 1000000000
1 1000000000
1 1000000000
1 1000000000
1 1000000000
1 1000000000
1 1000000000
1 1000000000
1 1000000000
1 1000000000
1 1000000000
1 1000000000
1 1000000000
1 1000000000
1 1000000000
1 1000000000
1 1000000000
1 1000000000
